bins	Ala_AGC	Ala_CGC	Ala_GGC	Ala_TGC	Arg_ACG	Arg_CCG	Arg_CCT	Arg_GCG	Arg_TCG	Arg_TCT	Asn_ATT	Asn_GTT	Asp_ATC	Asp_GTC	Cys_ACA	Cys_GCA	Gln_CTG	Gln_TTG	Glu_CTC	Glu_TTC	Gly_ACC	Gly_CCC	Gly_GCC	Gly_TCC	His_ATG	His_GTG	Ile_AAT	Ile_GAT	Ile_TAT	Leu_AAG	Leu_CAA	Leu_CAG	Leu_GAG	Leu_TAA	Leu_TAG	Lys_CTT	Lys_TTT	Met_CAT	Phe_AAA	Phe_GAA	Pro_AGG	Pro_CGG	Pro_GGG	Pro_TGG	Ser_ACT	Ser_AGA	Ser_CGA	Ser_GCT	Ser_GGA	Ser_TGA	Thr_AGT	Thr_CGT	Thr_GGT	Thr_TGT	Trp_CCA	Tyr_ATA	Tyr_GTA	Val_AAC	Val_CAC	Val_GAC	Val_TAC
FZCC0015	0	0	0	1	1	0	0	0	1	1	0	1	0	1	0	1	0	1	0	1	0	0	1	1	0	1	0	1	0	0	1	0	0	1	1	0	1	3	0	1	0	0	0	1	0	0	0	1	1	1	0	0	1	1	1	0	1	0	0	1	1
HIMB122	0	0	0	1	1	0	0	0	1	1	0	1	0	1	0	1	0	1	0	1	0	0	2	1	0	0	0	1	0	0	1	0	0	1	1	0	1	3	0	1	0	0	0	1	0	0	0	1	1	1	0	0	0	1	1	0	1	0	0	1	1
HIMB1321	0	0	0	1	1	0	0	0	1	1	0	1	0	1	0	1	0	1	0	1	0	0	1	1	0	0	0	1	0	0	1	0	0	1	1	0	1	3	0	1	0	0	0	1	0	0	0	1	1	1	0	0	0	1	1	0	1	0	0	1	1
HIMB140	0	0	0	1	1	0	0	0	1	1	0	1	0	1	0	1	0	1	0	1	0	0	1	1	0	0	0	1	0	0	1	0	0	1	1	0	1	3	0	1	0	0	0	1	0	0	0	1	1	1	0	0	0	1	1	0	1	0	0	1	1
HIMB1402	0	0	0	0	1	0	0	0	1	1	0	1	0	1	0	1	0	1	0	1	0	0	1	1	0	1	0	0	0	0	1	0	0	1	1	0	1	3	0	1	0	0	0	1	0	0	0	1	1	1	0	0	1	1	1	0	1	0	0	1	1
HIMB1409	0	0	0	1	1	0	0	0	1	1	0	1	0	1	0	1	0	1	0	1	0	0	1	1	0	1	0	1	0	0	1	0	0	1	1	0	1	3	0	1	0	0	0	1	0	0	0	1	1	1	0	0	1	1	1	0	1	0	0	1	1
HIMB1412	0	0	0	1	1	0	0	0	1	1	0	1	0	1	0	1	0	1	0	1	0	0	1	1	0	0	0	1	0	0	1	0	1	1	1	0	1	3	0	1	0	0	0	1	0	0	0	1	1	1	0	0	1	1	1	0	1	0	0	1	1
HIMB1413	0	0	0	1	1	0	0	0	1	1	0	1	0	1	0	1	0	1	0	1	0	0	1	1	0	1	0	1	0	0	1	0	0	1	1	0	1	3	0	1	0	0	0	1	0	0	0	1	1	1	0	0	1	1	1	0	1	0	0	1	1
HIMB1420	0	0	0	1	1	0	0	0	1	1	0	1	0	1	0	1	0	1	0	1	0	0	1	1	0	0	0	1	0	0	1	0	1	1	1	0	1	3	0	1	0	0	0	1	0	0	0	1	1	1	0	0	1	1	1	0	1	0	0	1	1
HIMB1427	0	0	0	1	1	0	0	0	1	0	0	1	0	1	0	1	0	1	0	1	0	0	1	1	0	0	0	1	0	0	1	0	0	1	1	0	1	3	0	1	0	0	0	1	0	0	0	1	1	1	0	0	1	1	1	0	1	0	0	1	1
HIMB1430	0	0	0	1	1	0	0	0	1	1	0	1	0	1	0	1	0	1	0	1	0	0	1	1	0	0	0	1	0	0	1	0	0	1	1	0	1	3	0	1	0	0	0	1	0	0	0	1	1	1	0	0	0	1	1	0	1	0	0	1	1
HIMB1436	0	0	0	1	1	0	0	0	1	1	0	1	0	1	0	1	0	1	0	1	0	0	1	1	0	0	0	1	0	0	1	0	1	1	1	0	1	4	0	1	0	0	0	1	0	0	0	1	1	1	0	0	1	1	1	0	1	0	0	1	1
HIMB1437	0	0	0	1	1	0	0	0	1	1	0	1	0	1	0	1	0	1	0	1	0	0	1	1	0	0	0	1	0	0	1	0	1	1	1	0	1	3	0	1	0	0	0	1	0	0	0	1	1	1	0	0	1	1	1	0	1	0	0	1	1
HIMB1444	0	0	0	1	1	0	0	0	1	1	0	1	0	1	0	1	0	1	0	1	0	0	1	1	0	1	0	1	0	0	1	0	1	1	1	0	1	3	0	1	0	0	0	1	0	0	0	1	1	1	0	0	1	2	1	0	1	0	0	1	1
HIMB1456	0	0	0	1	1	0	0	0	1	1	0	1	0	1	0	1	0	1	0	1	0	0	1	1	0	1	0	1	0	0	1	0	0	1	1	0	1	3	0	1	0	0	0	1	0	0	0	1	1	1	0	0	1	1	1	0	1	0	0	1	1
HIMB1483	0	0	0	1	1	0	0	0	1	1	0	1	0	1	0	1	0	1	0	1	0	0	1	1	0	0	0	1	0	0	1	0	1	1	1	0	1	3	0	1	0	0	0	1	0	0	0	1	1	1	0	0	0	2	1	0	1	0	0	1	1
HIMB1485	0	0	0	1	1	0	0	0	1	1	0	1	0	1	0	1	0	1	0	1	0	0	1	1	0	0	0	1	0	0	1	0	0	1	1	0	1	3	0	1	0	0	0	1	0	0	0	1	1	1	0	0	0	1	1	0	1	0	0	1	1
HIMB1488	0	0	0	1	1	0	0	0	1	1	0	1	0	1	0	1	0	1	0	1	0	0	2	1	0	0	0	1	0	0	1	0	0	1	1	0	1	3	0	1	0	0	0	1	0	0	0	1	1	1	0	0	0	1	1	0	1	0	0	1	1
HIMB1490	0	0	0	1	1	0	0	0	1	1	0	1	0	1	0	1	0	1	0	1	0	0	1	0	0	0	0	1	0	0	1	0	0	1	1	0	1	3	0	1	0	0	0	1	0	0	0	1	1	0	0	0	0	1	1	0	0	0	0	1	1
HIMB1491	0	0	0	1	1	0	0	0	1	1	0	1	0	1	0	1	0	1	0	1	0	0	1	1	0	0	0	1	0	0	1	0	0	1	1	0	1	3	0	1	0	0	0	1	0	0	0	1	1	1	0	0	0	2	1	0	1	0	0	1	1
HIMB1493	0	0	0	1	1	0	0	0	1	1	0	1	0	1	0	1	0	1	0	1	0	0	1	1	0	0	0	1	0	0	1	0	0	1	1	0	1	4	0	1	0	0	0	1	0	0	0	1	1	1	0	0	0	1	1	0	1	0	0	1	1
HIMB1494	0	0	0	1	1	0	0	0	1	1	0	1	0	1	0	1	0	1	0	1	0	0	1	1	0	0	0	1	0	0	1	0	0	1	1	0	1	3	0	1	0	0	0	1	0	0	0	1	1	1	0	0	0	1	1	0	1	0	0	1	1
HIMB1495	0	0	0	1	1	0	0	0	1	1	0	1	0	1	0	1	0	1	0	1	0	0	1	1	0	0	0	1	0	0	1	0	0	1	1	0	1	3	0	1	0	0	0	1	0	0	0	1	1	1	0	0	0	1	1	0	1	0	0	1	1
HIMB1505	0	0	0	1	1	0	0	0	1	1	0	1	0	1	0	1	0	1	0	1	0	0	2	1	0	0	0	1	0	0	1	0	0	1	1	0	1	3	0	1	0	0	0	1	0	0	0	1	1	1	0	0	0	1	1	0	1	0	0	1	1
HIMB1506	0	0	0	1	1	0	0	0	1	1	0	1	0	1	0	1	0	1	0	1	0	0	1	1	0	0	0	1	0	0	1	0	0	1	1	0	1	3	0	1	0	0	0	1	0	0	0	1	1	1	0	0	0	1	1	0	1	0	0	1	2
HIMB1507	0	0	0	1	1	0	0	0	1	1	0	1	0	1	0	1	0	1	0	1	0	0	1	1	0	0	0	1	0	0	1	0	0	1	1	0	1	4	0	1	0	0	0	1	0	0	0	1	1	1	0	0	0	1	1	0	1	0	0	1	1
HIMB1509	0	0	0	1	1	0	0	0	1	1	0	1	0	1	0	1	0	1	0	1	0	0	2	1	0	0	0	1	0	0	1	0	0	1	1	0	1	4	0	1	0	0	0	1	0	0	0	1	1	1	0	0	0	1	1	0	1	0	0	1	1
HIMB1513	0	0	0	1	1	0	0	0	1	1	0	1	0	1	0	1	0	1	0	1	0	0	1	1	0	0	0	1	0	0	1	0	0	1	1	0	1	3	0	1	0	0	0	1	0	0	0	1	1	1	0	0	0	1	1	0	1	0	0	1	1
HIMB1518	0	0	0	1	1	0	0	0	1	1	0	1	0	1	0	1	0	1	0	1	0	0	1	1	0	0	0	1	0	0	1	0	0	1	1	0	1	4	0	1	0	0	0	1	0	0	0	1	1	1	0	0	0	1	1	0	1	0	0	1	1
HIMB1520	0	0	0	1	1	0	0	0	1	1	0	1	0	1	0	1	0	1	0	1	0	0	1	1	0	0	0	1	0	0	1	0	0	1	1	0	1	3	0	1	0	0	0	1	0	0	0	1	1	1	0	0	1	1	1	0	1	0	0	1	1
HIMB1521	0	0	0	1	1	0	0	0	1	1	0	1	0	1	0	1	0	1	0	1	0	0	1	1	0	0	0	1	0	0	1	0	0	1	1	0	1	3	0	1	0	0	0	1	0	0	0	1	1	1	0	0	0	1	1	0	1	0	0	1	1
HIMB1526	0	0	0	1	1	0	0	0	1	1	0	1	0	1	0	1	0	1	0	1	0	0	1	1	0	0	0	1	0	0	1	0	0	1	1	0	1	3	0	1	0	0	0	1	0	0	0	1	1	1	0	0	0	1	1	0	1	0	0	1	1
HIMB1527	0	0	0	1	1	0	0	0	1	1	0	1	0	1	0	1	0	1	0	1	0	0	1	1	0	0	0	1	0	0	1	0	0	0	1	0	1	4	0	1	0	0	0	1	0	0	0	1	1	1	0	0	0	1	1	0	1	0	0	1	1
HIMB1542	0	0	0	1	1	0	0	0	1	1	0	1	0	1	0	1	0	1	0	1	0	0	1	1	0	0	0	1	0	0	1	0	0	1	1	0	1	3	0	1	0	0	0	1	0	0	0	1	1	1	0	0	0	1	1	0	1	0	0	1	1
HIMB1549	0	0	0	1	1	0	0	0	1	1	0	1	0	1	0	1	0	1	0	1	0	0	1	1	0	0	0	1	0	0	1	0	0	1	1	0	1	3	0	1	0	0	0	1	0	0	0	1	1	1	0	0	0	1	1	0	1	0	0	1	1
HIMB1552	0	0	0	1	1	0	0	0	1	1	0	1	0	1	0	1	0	1	0	1	0	0	1	1	0	0	0	1	0	0	1	0	0	1	1	0	1	3	0	1	0	0	0	1	0	0	0	1	1	1	0	0	0	1	1	0	1	0	0	1	1
HIMB1556	0	0	0	1	1	0	0	0	1	1	0	1	0	1	0	1	0	1	0	1	0	0	1	1	0	0	0	1	0	0	1	0	0	1	1	0	1	3	0	1	0	0	0	1	0	0	0	1	1	1	0	0	0	2	1	0	1	0	0	1	1
HIMB1559	0	0	0	1	1	0	0	0	1	1	0	1	0	1	0	1	0	1	0	1	0	0	1	1	0	1	0	1	0	0	1	0	0	1	1	0	1	3	0	1	0	0	0	1	0	0	0	1	1	1	0	0	0	1	1	0	1	0	0	1	1
HIMB1564	0	0	0	1	1	0	0	0	1	1	0	1	0	1	0	1	0	1	0	1	0	0	1	1	0	0	0	1	0	0	1	0	0	1	1	0	1	3	0	1	0	0	0	1	0	0	0	1	1	1	0	0	1	1	1	0	1	0	0	1	1
HIMB1573	0	0	0	1	1	0	0	0	1	1	0	1	0	1	0	1	0	1	0	1	0	0	1	1	0	1	0	1	0	0	1	0	0	1	1	0	1	3	0	1	0	0	0	1	0	0	0	1	1	1	0	0	0	1	1	0	1	0	0	1	1
HIMB1577	0	0	0	1	1	0	0	0	1	1	0	1	0	1	0	1	0	1	0	1	0	0	1	1	0	0	0	1	0	0	1	0	0	1	1	0	1	3	0	1	0	0	0	1	0	0	0	1	1	1	0	0	0	1	1	0	1	0	0	1	1
HIMB1587	0	0	0	1	1	0	0	0	1	1	0	1	0	1	0	1	0	1	0	1	0	0	1	1	0	1	0	1	0	0	1	0	0	1	1	0	1	3	0	1	0	0	0	1	0	0	0	1	1	1	0	0	0	1	1	0	1	0	0	1	1
HIMB1593	0	0	0	1	1	0	0	0	1	1	0	1	0	1	0	1	0	1	0	1	0	0	1	1	0	0	0	1	0	0	1	0	0	1	1	0	1	3	0	1	0	0	0	1	0	0	0	1	1	1	0	0	0	1	1	0	1	0	0	1	1
HIMB1597	0	0	0	1	1	0	0	0	1	1	0	1	0	1	0	1	0	1	0	1	0	0	1	1	0	1	0	1	0	0	1	0	0	1	1	0	1	3	0	1	0	0	0	1	0	0	0	1	1	1	0	0	0	1	1	0	1	0	0	1	1
HIMB1611	0	0	0	1	1	0	0	0	1	1	0	1	0	1	0	1	0	1	0	1	0	0	1	1	0	0	0	1	0	0	1	0	0	1	1	0	1	5	0	1	0	0	0	1	0	0	0	1	1	1	0	0	0	1	1	0	1	0	0	1	1
HIMB1623	0	0	0	1	1	0	0	0	1	1	0	1	0	1	0	1	0	1	0	1	0	0	2	1	0	0	0	1	0	0	1	0	0	1	1	0	1	3	0	1	0	0	0	1	0	0	0	1	1	1	0	0	0	1	1	0	1	0	0	1	1
HIMB1631	0	0	0	1	1	0	0	0	1	1	0	1	0	1	0	1	0	1	0	1	0	0	1	1	0	0	0	1	0	0	1	0	0	1	1	0	1	3	0	1	0	0	0	1	0	0	0	1	1	1	0	0	0	1	1	0	1	0	0	1	1
HIMB1636	0	0	0	1	1	0	0	0	1	1	0	1	0	1	0	1	0	1	0	1	0	0	1	1	0	0	0	1	0	0	1	0	0	1	1	0	1	3	0	1	0	0	0	1	0	0	0	1	1	1	0	0	0	1	1	0	1	0	0	1	1
HIMB1641	0	0	0	1	1	0	0	0	1	1	0	1	0	1	0	1	0	1	0	1	0	0	1	1	0	0	0	1	0	0	1	0	0	1	1	0	1	3	0	1	0	0	0	1	0	0	0	1	1	1	0	0	0	1	1	0	1	0	0	1	1
HIMB1662	0	0	0	1	1	0	0	0	1	1	0	1	0	1	0	1	0	1	0	1	0	0	1	1	0	0	0	1	0	0	1	0	0	1	1	0	1	3	0	1	0	0	0	1	0	0	0	1	1	1	0	0	0	1	1	0	1	0	0	1	1
HIMB1685	0	0	0	1	1	0	0	0	1	1	0	1	0	1	0	1	0	1	0	1	0	0	1	1	0	0	0	1	0	0	1	0	0	1	1	0	1	3	0	1	0	0	0	1	0	0	0	1	1	1	0	0	0	1	1	0	1	0	0	1	1
HIMB1695	0	0	0	1	1	0	0	0	1	1	0	1	0	1	0	1	0	1	0	1	0	0	2	1	0	0	0	1	0	0	1	0	0	1	1	0	1	3	0	1	0	0	0	1	0	0	0	1	1	1	0	0	0	1	1	0	1	0	0	1	1
HIMB1701	0	0	0	1	1	0	0	0	1	1	0	1	0	1	0	1	0	1	0	1	0	0	1	1	0	0	0	1	0	0	1	0	0	1	1	0	1	3	0	1	0	0	0	1	0	0	0	1	1	1	0	0	0	1	1	0	1	0	0	1	1
HIMB1702	0	0	0	1	1	0	0	0	1	1	0	1	0	1	0	1	0	1	0	1	0	0	1	1	0	0	0	1	0	0	1	0	0	1	1	0	1	3	0	1	0	0	0	1	0	0	0	1	1	1	0	0	0	2	1	0	1	0	0	1	1
HIMB1709	0	0	0	1	1	0	0	0	1	1	0	1	0	1	0	1	0	1	0	1	0	0	1	1	0	0	0	1	0	0	1	0	0	1	1	0	1	3	0	1	0	0	0	1	0	0	0	1	1	1	0	0	0	1	1	0	1	0	0	1	1
HIMB1710	0	0	0	1	1	0	0	0	1	1	0	1	0	1	0	1	0	1	0	1	0	0	1	1	0	0	0	1	0	0	1	0	0	1	1	0	1	3	0	1	0	0	0	1	0	0	0	1	1	1	0	0	0	1	1	0	1	0	0	1	1
HIMB1715	0	0	0	1	1	0	0	0	1	1	0	1	0	1	0	1	0	1	0	1	0	0	1	1	0	0	0	1	0	0	1	0	0	1	1	0	1	3	0	1	0	0	0	1	0	0	0	1	1	1	0	0	0	1	1	0	1	0	0	1	1
HIMB1723	0	0	0	1	1	0	0	0	1	0	0	1	0	1	0	1	0	1	0	1	0	0	1	1	0	0	0	1	0	0	1	0	0	1	1	0	1	3	0	1	0	0	0	1	0	0	0	1	1	1	0	0	0	1	1	0	1	0	0	1	1
HIMB1746	0	0	0	1	1	0	0	0	1	1	0	1	0	1	0	1	0	1	0	1	0	0	2	1	0	0	0	1	0	0	1	0	0	1	1	0	1	4	0	1	0	0	0	1	0	0	0	1	1	1	0	0	0	1	1	0	1	0	0	1	2
HIMB1748	0	0	0	1	1	0	0	0	1	1	0	1	0	1	0	1	0	1	0	1	0	0	1	1	0	0	0	1	0	0	1	0	0	1	1	0	1	3	0	1	0	0	0	1	0	0	0	1	1	1	0	0	0	1	1	0	1	0	0	1	1
HIMB1758	0	0	0	1	1	0	0	0	1	1	0	1	0	1	0	1	0	1	0	1	0	0	1	1	0	0	0	1	0	0	1	0	0	1	1	0	1	4	0	1	0	0	0	1	0	0	0	1	1	1	0	0	0	1	1	0	1	0	0	1	1
HIMB1765	0	0	0	1	1	0	0	0	1	1	0	1	0	1	0	1	0	1	0	1	0	0	1	1	0	0	0	1	0	0	1	0	0	1	1	0	1	3	0	1	0	0	0	1	0	0	0	1	1	1	0	0	0	1	1	0	1	0	0	1	1
HIMB1770	0	0	0	1	1	0	0	0	1	1	0	1	0	1	0	1	0	1	0	1	0	0	1	1	0	0	0	1	0	0	1	0	0	1	1	0	1	4	0	1	0	0	0	1	0	0	0	1	1	1	0	0	0	1	1	0	1	0	0	1	1
HIMB1782	0	0	0	1	1	0	0	0	1	1	0	1	0	1	0	1	0	1	0	1	0	0	1	1	0	0	0	1	0	0	1	0	0	1	1	0	1	3	0	1	0	0	0	1	0	0	0	1	1	1	0	0	0	1	1	0	1	0	0	1	1
HIMB1863	0	0	0	1	1	0	0	0	1	1	0	1	0	1	0	1	0	1	0	1	0	0	1	1	0	0	0	1	0	0	1	0	0	1	1	0	1	3	0	1	0	0	0	1	0	0	0	1	1	1	0	0	1	1	1	0	1	0	0	1	1
HIMB2104	0	0	0	1	1	0	0	0	1	1	0	1	0	1	0	1	0	1	0	1	0	0	1	1	0	0	0	1	0	0	1	0	1	1	1	0	1	3	0	1	0	0	0	1	0	0	0	1	1	1	0	0	1	2	1	0	1	0	0	1	1
HIMB2187	0	0	0	1	1	0	0	0	1	1	0	1	0	1	0	1	0	1	0	1	0	0	1	1	0	0	0	1	0	0	1	0	1	1	1	0	1	3	0	1	0	0	0	1	0	0	0	1	1	1	0	0	1	1	1	0	1	0	0	1	1
HIMB2200	0	0	0	1	1	0	0	0	1	1	0	1	0	1	0	1	0	1	0	1	0	0	1	1	0	0	0	1	0	0	1	0	0	1	1	0	1	3	0	1	0	0	0	1	0	0	0	1	1	1	0	0	1	1	1	0	1	0	0	1	1
HIMB2201	0	0	0	1	1	0	0	0	1	1	0	1	0	1	0	1	0	1	0	1	0	0	1	1	0	1	0	1	0	0	1	0	0	1	1	0	1	3	0	1	0	0	0	1	0	0	0	1	1	1	0	0	1	1	1	0	1	0	0	1	1
HIMB2204	0	0	0	1	1	0	0	0	1	1	0	1	0	1	0	1	0	1	0	1	0	0	1	1	0	0	0	1	0	0	1	0	0	1	1	0	1	3	0	1	0	0	0	1	0	0	0	1	1	1	0	0	1	1	1	0	1	0	0	1	1
HIMB2211	0	0	0	1	1	0	0	0	1	1	0	1	0	1	0	1	0	1	0	1	0	0	1	1	0	0	0	1	0	0	1	0	0	1	1	0	1	3	0	1	0	0	0	1	0	0	0	1	1	1	0	0	0	1	1	0	1	0	0	1	1
HIMB2215	0	0	0	1	1	0	0	0	1	1	0	1	0	1	0	1	0	1	0	1	0	0	1	1	0	0	0	1	0	0	1	0	0	1	1	0	1	3	0	1	0	0	0	1	0	0	0	1	1	1	0	0	1	2	1	0	1	0	0	1	1
HIMB2226	0	0	0	1	1	0	0	0	1	1	0	1	0	1	0	1	0	1	0	1	0	0	1	1	0	0	0	1	0	0	1	0	1	1	1	0	1	3	0	1	0	0	0	1	0	0	0	1	1	1	0	0	0	1	1	0	1	0	0	1	1
HIMB2250	0	0	0	1	1	0	0	0	1	1	0	1	0	1	0	1	0	1	0	1	0	0	1	1	0	1	0	1	0	0	0	0	0	1	1	0	1	3	0	1	0	0	0	1	0	0	0	1	1	1	0	0	1	1	1	0	1	0	0	1	1
HIMB2305	0	0	0	0	1	0	0	0	1	1	0	1	0	1	0	1	0	1	0	0	0	0	1	1	0	1	0	0	0	0	1	0	1	1	1	0	1	3	0	1	0	0	0	0	0	0	0	1	1	1	0	0	1	1	1	0	1	0	0	1	1
HIMB4	0	0	0	1	1	0	0	0	1	1	0	1	0	1	0	1	0	1	0	1	0	0	2	1	0	0	0	1	0	0	1	0	0	1	1	0	1	3	0	1	0	0	0	1	0	0	0	1	1	1	0	0	0	2	1	0	1	0	0	1	1
HIMB5	0	0	0	1	1	0	0	0	1	1	0	1	0	1	0	1	0	1	0	1	0	0	1	1	0	1	0	1	0	0	1	0	0	1	1	0	1	3	0	1	0	0	0	1	0	0	0	1	1	1	0	0	0	1	1	0	1	0	0	1	1
HIMB83	0	0	0	1	1	0	0	0	1	1	0	1	0	1	0	1	0	1	0	1	0	0	1	1	0	1	0	1	0	0	1	0	0	1	1	0	1	3	0	1	0	0	0	1	0	0	0	1	1	1	0	0	1	2	1	0	1	0	0	1	1
HTCC1002	0	0	0	1	1	0	0	0	1	1	0	1	0	1	0	1	0	1	0	1	0	0	1	1	0	1	0	1	0	0	1	0	0	1	1	0	1	4	0	1	0	0	0	1	0	0	0	1	1	1	0	0	0	1	1	0	1	0	0	1	1
HTCC1013	0	0	0	1	1	0	0	0	1	1	0	1	0	1	0	1	0	1	0	1	0	0	1	1	0	1	0	1	0	0	1	0	0	1	1	0	1	4	0	1	0	0	0	1	0	0	0	1	1	1	0	0	0	1	1	0	1	0	0	1	1
HTCC1016	0	0	0	1	1	0	0	0	1	1	0	1	0	1	0	1	0	1	0	1	0	0	1	1	0	1	0	1	0	0	1	0	0	1	1	0	1	4	0	1	0	0	0	1	0	0	0	1	1	1	0	0	0	1	1	0	1	0	0	1	1
HTCC1040	0	0	0	1	1	0	0	0	1	1	0	1	0	1	0	1	0	1	0	1	0	0	1	1	0	1	0	1	0	0	1	0	0	1	1	0	1	4	0	1	0	0	0	1	0	0	0	1	1	1	0	0	0	1	1	0	1	0	0	1	1
HTCC1062	0	0	0	1	1	0	0	0	1	1	0	1	0	1	0	1	0	1	0	1	0	0	1	1	0	1	0	1	0	0	1	0	0	1	1	0	1	4	0	1	0	0	0	1	0	0	0	1	1	1	0	0	0	1	1	0	1	0	0	1	1
HTCC7211	0	0	0	1	1	0	0	0	1	1	0	1	0	1	0	1	0	1	0	1	0	0	1	1	0	1	0	1	0	0	1	0	1	1	1	0	1	3	0	1	0	0	0	1	0	0	1	1	1	1	0	0	0	1	1	0	1	0	0	1	1
HTCC7214	0	0	0	1	1	0	0	0	1	1	0	1	0	1	0	1	0	1	0	1	0	0	1	1	0	1	0	1	0	0	1	0	0	1	1	0	1	3	0	1	0	0	0	1	0	0	0	1	1	1	0	0	0	1	1	0	1	0	0	1	1
HTCC7217	0	0	0	1	1	0	0	0	1	1	0	1	0	1	0	1	0	1	0	1	0	0	1	1	0	1	0	1	0	0	1	0	1	1	1	0	1	3	0	1	0	0	0	1	0	0	0	1	1	1	0	0	0	1	1	0	1	0	0	1	1
HTCC8051	0	0	0	1	1	0	0	0	1	1	0	1	0	1	0	1	0	1	0	1	0	0	1	1	0	1	0	1	1	0	1	0	0	1	1	0	1	3	0	1	0	0	0	1	0	0	0	1	1	1	0	0	0	2	1	0	1	0	0	1	1
HTCC9022	0	0	0	1	1	0	0	0	1	1	0	1	0	1	0	1	0	1	0	1	0	0	1	1	0	1	0	1	0	0	1	0	0	1	1	0	1	3	0	1	0	0	0	1	0	0	0	1	1	1	0	0	0	1	1	0	1	0	0	1	1
HTCC9565	0	0	0	1	1	0	0	0	1	1	0	1	0	1	0	1	0	1	0	1	0	0	1	1	0	1	0	1	0	0	1	0	0	1	1	0	1	3	0	1	0	0	0	1	0	0	0	1	1	1	0	0	0	1	1	0	1	0	0	1	1
NP1	0	0	0	1	1	0	0	0	1	1	0	1	0	1	0	1	0	1	0	1	0	0	1	1	0	1	0	1	0	0	1	0	0	1	1	0	1	3	0	1	0	0	0	1	0	0	0	1	1	1	0	0	0	1	1	0	1	0	0	1	1
RS39	0	0	0	1	1	0	0	0	1	1	0	1	0	1	0	1	0	1	0	1	0	0	1	1	0	0	0	1	0	0	1	0	1	1	1	0	1	4	0	1	0	0	0	1	0	0	0	1	1	1	0	0	1	1	1	0	1	0	0	1	1
RS40	0	0	0	1	1	0	0	0	1	1	0	1	0	1	0	1	0	1	0	1	0	0	1	1	0	1	0	1	0	0	1	0	1	1	1	0	1	3	0	1	0	0	0	1	0	0	0	1	1	1	0	0	1	1	1	0	1	0	0	1	1
