gene_callers_id	KDe747HP	KMy817HP
0	4.833333333333333	10.161290322580646
1	19.39549839228296	40.205298013245034
2	13.923295454545455	33.92524916943522
3	13.721359940872135	42.87242524916944
4	26.13583138173302	47.502604166666664
5	41.625482625482626	96.32777777777778
6	30.67024128686327	65.53083109919571
7	18.617234468937877	57.41978021978022
8	21.562666666666665	59.63718820861678
9	14.193717277486911	54.19315068493151
10	5.022388059701493	19.869565217391305
11	4.302564102564102	4.824324324324325
12	0.0	0.0
13	0.0	0.0
14	0.0	0.0
15	10.575581395348838	5.522988505747127
16	63.02153846153846	64.09774436090225
17	68.8526119402985	107.344
18	85.30592734225621	142.63291139240508
19	96.15544041450777	157.2793388429752
20	104.1652397260274	158.03933566433565
21	83.46712802768167	128.95421245421247
22	134.81592039800995	228.6872427983539
23	101.2494623655914	152.03703703703704
24	110.14501679731244	149.7489932885906
25	98.66666666666667	188.75460122699386
26	47.49671052631579	41.761744966442954
27	47.0594262295082	29.347826086956523
28	95.92599620493358	166.12770137524558
29	92.476	159.2204724409449
30	103.26636904761905	150.2046332046332
31	83.77880184331798	149.07321274763135
32	102.57575757575758	144.8841463414634
33	82.75039745627981	107.46899841017488
34	98.7284659557014	168.4445283018868
35	98.72239747634069	155.3277925531915
36	114.31362889983579	157.28372093023256
37	98.02477876106195	160.6629213483146
38	106.67162790697674	190.90517998244073
39	118.87909319899245	207.38251986379115
40	132.15594329334786	196.7548209366391
41	271.0	522.3639143730887
42	132.95622688039458	217.9444783404515
43	115.09587020648968	169.86493506493505
44	88.26457399103138	119.48952879581152
45	111.66803840877915	140.23611111111111
46	118.61127895266868	146.80933333333334
47	100.35244161358811	152.93246187363835
48	99.27690700104493	169.99475890985326
49	239.52173913043478	349.4938440492476
50	100.05405405405405	159.93067226890756
51	114.98383084577114	164.13438256658597
52	131.93660185967877	255.7313182199832
53	348.53609341825904	753.2537154989384
54	98.79571663920923	154.03735632183907
55	95.65234124438743	148.0070287539936
56	16.251256281407034	12.278708133971293
57	17.796146044624745	10.951096121416526
58	22.38562874251497	11.056224899598394
59	21.896995708154506	14.857308584686775
60	17.82306830907055	10.694576593720267
61	106.69221105527639	161.76517412935323
62	104.82520325203252	157.21162280701753
63	131.45169946332737	200.64166666666668
64	98.9458413926499	139.22222222222223
65	126.01497005988024	174.65202702702703
66	98.36854460093896	158.94170403587444
67	93.16907514450867	152.92088998763907
68	14.917426273458444	9.955518945634267
69	15.407194244604316	10.16984126984127
70	78.25045372050816	54.62838915470494
71	78.97191574724172	53.31639501438159
72	88.31144465290807	76.30961538461538
73	86.01384083044982	102.4080370942813
74	100.5168	142.57672849915684
75	63.59949937421777	58.07253886010363
76	56.94901610017889	43.144385026737964
77	69.33864760857614	44.739653875094056
78	60.43867243867244	45.85144312393888
79	63.180392156862744	36.20899470899471
80	68.47727272727273	41.47560975609756
81	52.02	41.314893617021276
82	61.4300441826215	39.35532233883058
83	67.46528497409327	45.679089026915115
84	61.322961373390555	56.37306843267108
85	61.389558232931726	50.01606425702811
86	64.61105424769703	45.88112617309697
87	58.764779874213836	35.70938628158845
88	65.932	78.35493827160494
89	89.17328519855596	124.23726114649682
90	90.01413881748071	123.49049429657795
91	105.1076923076923	167.53452115812917
92	106.11632270168856	152.1281407035176
93	98.33566433566433	158.9262048192771
94	111.2875	188.18849840255592
95	114.9251968503937	196.4490616621984
96	162.8866126727013	215.60171919770772
97	110.73160173160173	179.76262626262627
98	112.52185089974293	171.03778337531486
99	161.29508196721312	239.80357142857142
100	115.25675675675676	147.6198347107438
101	104.58957654723127	145.12593703148426
102	108.50585480093677	150.82669322709162
103	104.89726918075422	170.64503311258278
104	98.38004750593824	157.98673100120627
105	107.75229357798165	158.0875
106	143.2377240841777	247.2573007103394
107	123.01910828025478	164.9111111111111
108	104.10921501706484	154.54
109	103.22709163346613	185.74460431654677
110	122.15949367088608	174.83446712018142
111	118.9009708737864	164.19296116504853
112	109.30591775325978	183.321665089877
113	116.6332288401254	186.78021978021977
114	127.5241935483871	200.80035650623887
115	120.0461956521739	183.91959798994975
116	105.38340807174887	184.17857142857142
117	113.60251046025104	171.80619266055047
118	116.61576846307385	175.51995905834187
119	112.74573472757292	134.51495377922785
120	117.82721088435375	168.0512
121	117.11438561438561	159.6469017094017
122	116.29654335961189	183.2117117117117
123	107.72577996715928	165.83305785123966
124	137.3440366972477	165.37055837563452
125	124.26728110599079	158.67217630853995
126	132.5524296675192	160.70344827586206
127	120.02482269503547	159.1960958296362
128	103.32664756446991	140.16071428571428
129	115.30794701986756	182.88235294117646
130	138.8040268456376	173.06614785992218
131	119.3943841735801	174.8025350233489
132	119.70902394106814	166.5809061488673
133	106.91161356628983	167.05176211453744
134	103.61573546180159	142.28293241695303
135	65.38086303939963	94.99307958477509
136	84.4961439588689	149.8013698630137
137	17.8303647158609	19.569327731092436
138	9.230500582072176	1.2930832356389215
139	15.265426052889325	1.8314606741573034
140	17.220089285714284	13.1815578465063
141	16.902923976608186	7.7621878715814505
142	13.196927374301676	14.726474278544542
143	26.694162436548222	20.502183406113538
144	29.722672064777328	26.081374321880652
145	96.93697478991596	225.2341463414634
146	92.2317415730337	128.59587955625992
147	100.65312843029638	155.9404309252218
148	112.88724035608308	187.36283185840708
149	110.2247191011236	170.82417582417582
150	103.3917525773196	177.96478873239437
151	111.97894736842105	172.91710758377425
152	103.97824987354578	158.6582515194016
153	18.511568123393317	51.69949494949495
154	115.19421487603306	169.72124265323257
155	114.3784355179704	158.52141527001862
156	105.28275862068965	161.298277425204
157	116.28224776500639	182.04066073697587
158	102.80406212664278	138.55712603062426
159	104.14954051796157	148.59543230016314
160	92.49724770642202	151.88888888888889
161	29.295880149812735	28.025547445255473
162	85.2016806722689	138.4442595673877
163	88.41650294695481	113.7448275862069
164	96.56338028169014	116.54573170731707
165	1.9211136890951277	0.5630885122410546
166	3.9017467248908297	1.1170046801872076
167	0.0	27.336283185840706
168	0.875968992248062	28.09846153846154
169	1.1609632446134348	19.641318124207856
170	4.090032154340836	12.813455657492355
171	2.739808153477218	1.8863636363636365
172	9.795698924731182	31.129032258064516
173	7.7625	5.642857142857143
174	7.419678714859438	1.7041420118343196
175	6.083623693379791	0.5591397849462365
176	0.056776556776556776	0.0
177	4.055987558320373	0.45080763582966227
178	0.0	0.0
179	4.171428571428572	1.8983050847457628
180	8.583892617449665	8.85
181	9.051546391752577	15.15668202764977
182	93.74869109947645	173.1806167400881
183	79.78064516129032	68.6223316912972
184	77.86610169491526	97.8448905109489
185	71.38235294117646	68.68855534709193
186	90.07631160572338	91.70168612191958
187	80.71689497716895	94.89172932330827
188	86.90743801652893	83.49086161879896
189	74.279012345679	74.5944055944056
190	79.19290465631929	73.39592760180996
191	88.18904320987654	86.62489626556017
192	132.7171052631579	251.3936403508772
193	112.38131553860819	190.5040650406504
194	104.21588089330025	150.23190546528804
195	110.97474747474747	174.24928092042185
196	112.56346153846154	171.87376725838266
197	112.28828828828829	178.17441860465115
198	103.6786703601108	149.45953757225433
199	107.93979057591623	169.7829736211031
200	111.292700729927	177.35254988913525
201	149.2962962962963	232.1372239747634
202	109.52066715010878	164.5827868852459
203	104.95454545454545	157.58207217694994
204	118.77391304347826	162.72853185595568
205	119.60714285714286	165.3886097152429
206	113.43695652173913	180.5524296675192
207	119.92857142857143	177.0600414078675
208	117.80995475113122	184.10786106032907
209	111.141689373297	175.60739436619718
210	109.63105590062112	164.24151608638167
211	119.09627329192547	206.90675241157555
212	108.60725720384205	161.4448669201521
213	107.25806451612904	168.3972027972028
214	68.10911016949153	88.86407766990291
215	73.1344262295082	72.4185667752443
216	69.27109266943292	95.9391891891892
217	77.3943661971831	143.25103734439833
218	100.38477801268499	106.44487427466152
219	83.56234413965088	133.31794871794872
220	102.36198179979777	166.9077568134172
221	99.28824049513705	150.5019638648861
222	108.6217105263158	176.078853046595
223	112.49378330373001	177.1721991701245
224	26.757668711656443	53.11744966442953
225	110.49325337331334	179.5139911634757
226	66.82421875	122.39514731369151
227	2.857364341085271	2.316279069767442
228	42.78896882494005	77.19335705812574
229	87.28030303030303	124.40977443609023
230	107.99801192842942	150.280276816609
231	114.9471766848816	193.51030110935025
232	103.71510791366906	177.10375670840787
233	109.10026737967914	173.63940520446096
234	130.0595111583422	200.31869688385268
235	175.50535714285715	267.08659217877096
236	111.23423423423424	201.67523364485982
237	123.4368932038835	201.0177304964539
238	112.1219512195122	185.40104166666666
239	108.10703363914374	187.56934306569343
240	102.94437420986094	213.8
241	116.75076452599389	169.30148048452222
242	111.80409356725146	155.42120765832107
243	129.1770726714432	169.44598612487613
244	105.94663820704376	176.4860103626943
245	107.30546623794213	167.58669833729215
246	124.49673202614379	170.35897435897436
247	106.40808080808081	176.66532258064515
248	114.73373493975903	164.25155279503105
249	125.36842105263158	228.7912745936698
250	125.3718791064389	188.1351724137931
251	114.33184855233853	195.77704194260485
252	129.57096354166666	191.91204986149583
253	130.96040868454662	179.69664268585132
254	118.22707034728406	195.9887445887446
255	110.83720930232558	177.6961325966851
256	116.9983164983165	210.3181818181818
257	124.49103139013452	192.62577962577961
258	102.90261627906976	174.09145427286356
259	122.61407491486946	206.67
260	0.0	0.0
261	116.68905364151766	193.4970238095238
262	126.27823834196892	190.56387169386608
263	136.2884371029225	192.59893992932862
264	137.5779569892473	219.5441176470588
265	121.02522935779817	179.0305907172996
266	111.41499085923218	160.58726415094338
267	111.66455696202532	169.49288061336253
268	114.60863958736299	184.4908376963351
269	126.95283018867924	207.62064676616916
270	121.48309178743962	229.4878048780488
271	113.84093437152391	196.54022988505747
272	122.13314037626628	190.93653516295026
273	120.62709284627093	170.57046070460706
274	128.00581395348837	192.36197021764033
275	128.8917345750873	184.52263906856405
276	116.2263109475621	168.66666666666666
277	121.00282485875707	162.58689458689457
278	117.6398503274088	189.03030303030303
279	127.90011350737798	226.14975247524754
280	126.57448145820238	187.37519260400617
281	131.7556080283353	216.4828349944629
282	117.68953068592057	196.21618625277162
283	142.6361502347418	188.33823529411765
284	116.78046875	181.04242424242423
285	119.24578651685393	194.9467939972715
286	102.48129675810473	189.28726287262873
287	128.3875968992248	213.25785123966944
288	126.9769053117783	179.25252525252526
289	123.60126582278481	212.55007052186178
290	119.92961876832844	185.04034582132564
291	125.50570342205323	192.71513944223108
292	139.04891304347825	203.3963133640553
293	154.46245059288538	178.43881856540085
294	130.09398715703443	191.94893378226712
295	121.32558139534883	189.5030303030303
296	120.8416912487709	175.23069403714564
297	110.30759651307596	155.69599109131403
298	102.15867158671587	163.62267657992564
299	128.53909465020575	217.94466403162056
300	119.12482468443197	186.13145539906102
301	139.67965367965368	299.64935064935065
302	114.6951754385965	203.22048611111111
303	213.38888888888889	590.6908212560387
304	22.29242569511026	14.675213675213675
305	25.459167950693374	22.570422535211268
306	132.72794800371403	173.3091922005571
307	109.95510204081633	151.7408906882591
308	69.74089490114464	79.77365728900256
309	6.800304878048781	1.6888567293777135
310	8.081712062256809	1.986824769433465
311	8.514893617021277	1.875
312	1.6573033707865168	0.0
313	2.7186311787072244	0.0
314	6.265625	0.8708333333333333
315	0.4723203769140165	0.4387514723203769
316	0.0	0.0
317	0.0	0.0
318	0.0	0.0
319	0.0	0.0
320	0.0	0.0
321	0.0	0.0
322	0.0	0.0
323	0.0	0.0
324	0.4769392033542977	0.2180293501048218
325	0.0	0.0
326	0.0	0.0
327	0.0	0.0
328	0.0	0.0
329	0.0	0.0
330	0.0	0.0
331	0.0	0.0
332	0.0	0.0
333	0.0	0.0
334	0.0	0.0
335	0.0	0.0
336	0.0	0.0
337	0.0	0.0
338	0.0	0.0
339	0.0	0.0
340	0.0	0.0
341	0.0	0.0
342	0.0	0.0
343	0.0	0.0
344	0.0	0.0
345	0.0	0.0
346	0.0	0.0
347	0.0	0.0
348	0.0	0.17642069550466496
349	0.0	0.0
350	0.0	0.0
351	0.0	0.0
352	0.0	0.0
353	0.0	0.0
354	0.0	0.0
355	0.0	0.0
356	0.0	0.0
357	0.0	0.0
358	0.0	0.0
359	0.0	0.0
360	0.0	0.0
361	0.0	0.0
362	0.0	0.0
363	0.0	0.0
364	0.0	0.0
365	0.0	0.0
366	0.0	0.0
367	2582.5224274406332	4747.108888888889
368	112.5694098088113	182.23549783549782
369	105.02588235294118	168.05287356321838
370	109.49866666666667	155.7039897039897
371	124.2564901349948	207.72132796780684
372	135.63691194209892	187.01942857142856
373	124.17959617428268	208.6051332675222
374	125.75044563279857	172.23174603174604
375	131.58508158508158	244.24666666666667
376	115.03324348607367	190.12181818181818
377	122.33747855917667	201.9461105904405
378	134.17396449704142	186.51746931067044
379	108.87191358024691	187.6787452677123
380	115.98093220338983	202.44620811287479
381	125.93377483443709	184.65483870967742
382	123.04596977329975	206.815144766147
383	131.1323076923077	201.47721179624665
384	122.2534059945504	206.35147744945567
385	112.44776119402985	164.51629072681703
386	127.91472868217055	212.72808132147395
387	113.20747663551401	182.3583180987203
388	108.9070707070707	189.17737789203085
389	73.20529801324503	68.3514450867052
390	43.16245487364621	41.73684210526316
391	20.274217585692995	15.580246913580247
392	5.489913544668588	0.0
393	12.643449419568823	7.9506641366223905
394	13.421834061135371	5.966893039049236
395	71.49580335731414	138.46532846715328
396	109.9502262443439	149.33582089552237
397	107.98242530755712	151.9813374805599
398	84.88992537313433	147.43589743589743
399	94.36091954022989	173.7530864197531
400	101.99087353324641	195.99530516431926
401	122.04237288135593	243.47506925207756
402	78.67473378509196	152.37604456824513
403	97.03367003367003	175.05882352941177
404	103.76699029126213	171.36913285600636
405	130.71875	195.71358428805237
406	133.88747346072188	244.73151308304892
407	95.67899408284023	188.02658788774002
408	129.7505800464037	211.53092783505156
409	131.29535095715588	215.68552950687146
410	119.09844559585493	151.43023255813952
411	234.06944444444446	327.8976377952756
412	134.75877689694224	196.4282945736434
413	142.3734939759036	214.75
414	128.72381835032436	173.99007936507937
415	128.52459016393442	195.91395793499044
416	138.11976047904193	224.01657458563537
417	117.13793103448276	179.5630397236615
418	124.96551724137932	211.6993006993007
419	123.88931297709924	213.64685314685315
420	116.88383838383838	191.85775862068965
421	116.5286439448876	185.84977578475338
422	116.46177847113884	180.31459170013386
423	133.60884955752212	201.19961977186313
424	131.99867197875167	184.23648648648648
425	129.2289156626506	198.91992720655142
426	130.00997506234415	184.48326639892906
427	261.4776422764228	536.0914634146342
428	121.97919762258543	214.27777777777777
429	133.11327649208283	202.6100795755968
430	131.19015659955258	184.4775
431	135.8565782044043	196.60866752910738
432	144.8968253968254	185.0121212121212
433	140.2016129032258	221.79780219780218
434	151.62247191011235	219.9261744966443
435	115.81651376146789	166.72111553784862
436	156.83739837398375	229.75632183908047
437	136.59804983748646	191.62209302325581
438	136.1707650273224	197.41285030758715
439	127.4168618266979	170.67777777777778
440	60.29806451612903	87.1939461883408
441	28.669550173010382	13.246879334257976
442	25.76339869281046	10.713876967095851
443	27.117098445595854	15.162187210379981
444	18.665204678362574	10.251207729468598
445	19.643459915611814	18.929440389294403
446	39.360499265785606	41.390614672835426
447	117.03129890453835	177.37726723095525
448	145.05764966740577	230.59139784946237
449	227.6175298804781	321.9383259911894
450	276.43333333333334	632.5031055900621
451	146.364406779661	223.85390428211588
452	141.21878787878788	211.963249516441
453	129.3485600794439	185.53720693170234
454	122.80112044817928	199.17887323943663
455	122.0705481248361	199.32367688022285
456	121.68526228143214	206.06490384615384
457	116.68805970149253	200.717125382263
458	130.3850197109067	215.645
459	127.95098882201204	212.16251074806536
460	128.02496038034866	201.53601694915255
461	128.27611262488648	184.9776649746193
462	107.7601078167116	221.61702127659575
463	93.6943231441048	168.85109034267913
464	106.99880239520958	160.68525896414343
465	64.09100998890122	50.455414012738856
466	139.79576107899808	218.45977011494253
467	144.91666666666666	214.09848484848484
468	231.43119266055047	468.3730886850153
469	148.62058823529412	236.42123287671234
470	632.6125	1766.746835443038
471	142.09520547945206	199.01661849710982
472	140.73394495412845	200.30612244897958
473	144.5476772616137	247.8586118251928
474	108.25121951219512	207.84027777777777
475	146.6003937007874	205.17333333333335
476	133.30796460176992	223.60628465804066
477	124.04166666666667	202.30817610062894
478	137.22317596566523	199.9364640883978
479	123.78993055555556	197.50120288692864
480	120.40601503759399	156.37037037037038
481	110.23857868020305	187.18858800773694
482	134.684375	207.41471571906354
483	139.75103734439833	223.2951871657754
484	145.34364261168386	222.501303214596
485	134.21719457013575	207.26666666666668
486	151.73850574712642	204.79856972586413
487	130.15740740740742	213.48154362416108
488	146.18272171253824	233.15151515151516
489	132.72122302158274	231.6752380952381
490	127.73399014778325	176.8803418803419
491	137.99547511312218	202.65488215488216
492	134.3505747126437	197.34070796460176
493	153.25044722719142	197.26260504201682
494	142.151284490961	214.50930460333007
495	150.23333333333332	215.0531914893617
496	265.87139107611546	480.87577639751555
497	163.55685131195335	276.7207792207792
498	125.06105263157895	199.03988603988603
499	129.85673892554195	207.21043000914912
500	124.1750972762646	253.25504587155964
501	192.27186910006293	403.4157862026103
502	413.7068273092369	890.516129032258
503	138.13432835820896	231.68235294117648
504	133.88465346534653	208.85754985754986
505	152.24529569892474	240.07195421095668
506	138.09327548806942	216.7594936708861
507	135.08069381598793	215.5121412803532
508	142.42156862745097	184.6153846153846
509	149.64787111622556	217.52866242038218
510	147.256233877902	208.6954177897574
511	133.8117359413203	224.7598784194529
512	143.46274509803922	221.1576086956522
513	152.95612009237874	192.39314285714286
514	125.02634880803011	179.03076923076924
515	135.96120689655172	222.59259259259258
516	131.44146341463414	223.06904231625836
517	124.2240663900415	223.02611367127497
518	132.88520765282314	218.5
519	122.50208333333333	136.67845117845118
520	90.62593144560358	65.7072
521	118.83919062832801	156.00208333333333
522	132.87570621468927	174.17348927875244
523	142.3720472440945	214.80102040816325
524	123.52046783625731	167.35575679172058
525	57.76915422885572	68.66975023126734
526	16.107042253521126	4.090154211150653
527	163.2097812097812	471.8959537572254
528	117.79836065573771	344.7171875
529	20.68520859671302	3.049645390070922
530	17.164989939637827	2.831081081081081
531	17.4635761589404	3.416161616161616
532	19.913636363636364	4.256239600665557
533	16.68763102725367	1.8604651162790697
534	14.951760104302478	2.8989247311827957
535	22.852631578947367	3.7954939341421143
536	30.37510105092967	25.69005043558001
537	26.35411471321696	27.058685446009388
538	29.42517006802721	25.871613663133097
539	36.438263229308006	25.253225806451614
540	109.92467532467532	241.98993710691823
541	562.5138888888889	1762.190099009901
542	498.1342673671921	1518.9177215189873
543	549.9012474012474	1700.1683991683992
544	34.063202247191015	29.78224687933426
545	18.340673575129532	3.0898876404494384
546	20.166666666666668	2.9095315024232633
547	114.35332252836305	151.71868978805395
548	85.94444444444444	75.74611398963731
549	86.88487584650113	95.74528301886792
550	132.35617860851505	169.39586028460545
551	135.36141304347825	187.75
552	138.37723214285714	201.13006396588486
553	134.23035230352303	190.75130890052355
554	123.41165755919855	181.3213530655391
555	112.14673913043478	141.26119402985074
556	130.16535433070865	175.7912087912088
557	128.6634844868735	195.5437352245863
558	139.4449152542373	195.03529411764706
559	109.8015873015873	209.06369426751593
560	116.43430656934306	179.32252085264133
561	166.05781584582442	369.81724845995893
562	141.58856088560884	220.546992481203
563	103.19018404907976	152.76991150442478
564	119.96817420435511	205.48322147651007
565	142.9104991394148	223.07495429616088
566	169.97802197802199	342.967032967033
567	133.21400778210116	208.93814432989691
568	122.40308370044053	196.13263157894738
569	121.81093394077449	179.33123689727464
570	131.79136253041364	206.23935558112774
571	103.00650759219089	185.7774647887324
572	123.37722419928825	210.18055555555554
573	167.58456299659477	230.9489932885906
574	199.48419301164725	253.40958788898234
575	174.8857808857809	238.63186813186815
576	246.55939524838013	321.8722986247544
577	224.9906103286385	262.4215938303342
578	152.62835249042146	173.0536398467433
579	21.185185185185187	39.88969258589512
580	15.718461538461538	54.055045871559635
581	6.783132530120482	14.573770491803279
582	0.7971014492753623	10.17094017094017
583	8.536873156342184	10.904761904761905
584	11.437293729372938	15.01178603807797
585	2.6117216117216118	2.9080882352941178
586	1.8026666666666666	4.112970711297071
587	0.6866081229418222	0.8170894526034713
588	2.929971988795518	1.5910652920962198
589	3.1205533596837944	2.0446808510638297
590	10.266666666666667	3.5810055865921786
591	1.2685714285714285	2.9945355191256833
592	2.7030812324929974	4.182072829131653
593	2.240829346092504	4.2695035460992905
594	1.5633802816901408	0.9455445544554455
595	3.877384196185286	2.4592198581560285
596	10.23199251637044	11.823977164605138
597	0.0	0.0
598	0.0	0.12056737588652482
599	0.0	0.0
600	0.0	0.0
601	101.72425828970331	168.41519674355496
602	292.0170068027211	460.3090507726269
603	177.37654320987653	301.1055900621118
604	220.36129032258066	383.98093220338984
605	185.7377049180328	325.54014598540147
606	113.32301740812379	200.14946070878275
607	135.21063394683026	174.4664948453608
608	173.3217054263566	373.68531468531467
609	115.96873971701217	185.65954514128188
610	122.70396196513471	181.14052496798976
611	97.29430379746836	123.97311827956989
612	112.16346153846153	152.50501672240802
613	114.21070234113712	194.07376523412444
614	88.4859437751004	139.7572463768116
615	105.09482758620689	160.64646464646464
616	126.4642126789366	196.9092970521542
617	117.63839285714286	180.96564885496184
618	121.66620305980528	196.2537313432836
619	127.90625	183.76859504132233
620	128.9967637540453	198.54152823920265
621	121.15541922290389	171.73584905660377
622	105.0506329113924	179.43552311435522
623	120.15343915343915	192.125
624	126.89201877934272	212.31578947368422
625	109.73394495412845	153.3758389261745
626	115.51769911504425	115.1625
627	114.1252446183953	169.1117764471058
628	110.30384615384615	188.23206751054852
629	109.584229390681	165.24907063197026
630	107.17964071856288	162.01315789473685
631	109.26470588235294	198.5251798561151
632	156.01388888888889	285.0735632183908
633	105.00259067357513	159.32608695652175
634	107.50378787878788	198.23832684824902
635	118.14586994727593	187.31340872374798
636	153.19618528610354	274.1008902077151
637	129.14373088685016	217.583850931677
638	162.02309782608697	358.2137320044297
639	92.36	183.2434988179669
640	117.14176245210729	153.37061403508773
641	109.45437262357414	178.31612903225806
642	102.65934065934066	152.42529789184235
643	111.66712898751733	146.1614906832298
644	115.36240601503759	138.08801213960547
645	116.69966159052453	153.27465437788018
646	100.3681592039801	130.9830917874396
647	106.34474327628362	177.99622463426144
648	105.06852248394004	185.0082644628099
649	107.50514499532274	156.898400752587
650	104.04161712247324	162.86103896103896
651	101.93382352941177	205.63033175355451
652	99.9484126984127	221.572
653	103.35591836734694	165.4857142857143
654	107.90419708029196	182.70332717190388
655	1.7400162999185005	4.043024771838331
656	2.825958702064897	8.912532637075717
657	0.8518518518518519	9.090780141843972
658	2.199821587867975	3.603401969561325
659	106.3076923076923	185.44842105263157
660	120.66707768187423	180.78089171974523
661	103.83108715184187	158.0527617477329
662	108.78835978835978	166.51121076233184
663	96.74770642201835	147.56825396825397
664	99.96782841823057	157.649468892261
665	106.44165170556553	151.59889094269872
666	97.40990990990991	167.46846153846153
667	91.50729927007299	167.4183266932271
668	105.66666666666667	187.281284606866
669	97.05787781350482	174.1822454308094
670	90.5915300546448	148.62054208273895
671	111.46728971962617	155.88219895287958
672	103.58086560364465	144.25877192982455
673	106.31313868613138	183.80811554332874
674	114.02962962962962	190.48820754716982
675	95.03220858895706	143.1987767584098
676	84.64307692307692	157.6047197640118
677	106.35516739446871	152.87579617834396
678	104.48243992606285	153.49630996309963
679	109.25038639876352	158.24204946996466
680	103.41306755260244	151.15403422982885
681	101.13859649122807	141.01181102362204
682	113.96507936507936	177.08011049723757
683	108.40995850622407	162.27198549410699
684	121.05960264900662	161.2671568627451
685	89.3107476635514	140.19106145251396
686	104.65884476534296	110.04044943820224
687	107.29141475211608	147.7185332011893
688	92.0234375	151.01734104046244
689	103.96944444444445	141.91091954022988
690	86.39375	131.26059050064185
691	93.3812858052196	127.6595072646873
692	23.328244274809162	17.176151761517616
693	33.85923753665689	31.596009975062344
694	58.06896551724138	96.93939393939394
695	58.558187435633364	92.37824351297405
696	119.95175438596492	188.51340996168582
697	114.15736040609137	175.66751918158567
698	110.46629213483146	157.9496402877698
699	108.09454545454545	163.34814814814814
700	102.01343784994401	133.52489626556016
701	50.81886477462437	88.66528583264292
702	106.91463414634147	155.12594458438286
703	99.47887323943662	140.69551282051282
704	71.17267759562841	45.87947882736157
705	60.103896103896105	70.3
706	104.13866967305525	154.51375245579567
707	103.41052631578947	123.5060975609756
708	96.0315934065934	109.4969474969475
709	70.05118110236221	104.28879310344827
710	80.85512367491167	135.68608414239483
711	78.89696969696969	122.26219512195122
712	93.90248756218905	91.66812705366922
713	31.827195467422097	26.032019704433498
714	34.862829478214096	36.007747933884296
715	32.760456273764255	26.54468085106383
716	47.219053791315616	37.98189415041783
717	65.50761421319797	50.608599779492835
718	74.80649526387009	70.17386609071275
719	89.025	68.72916666666667
720	50.51919191919192	43.974554707379134
721	93.36852791878172	134.45572354211663
722	100.69789227166277	114.61826697892272
723	87.6355140186916	122.22953736654804
724	94.13450292397661	119.9885433715221
725	102.41133603238866	152.11444141689373
726	94.72452407614782	149.57055214723925
727	88.82664233576642	136.42880523731588
728	93.78887744593203	149.9032967032967
729	92.02967359050444	169.53436426116838
730	99.58036677454153	158.23613963039014
731	106.04268292682927	144.80537772087067
732	100.75829383886256	118.62711864406779
733	94.04509445460086	147.8932487016734
734	102.97857142857143	112.27543859649123
735	81.1521472392638	77.74396782841823
736	101.00525210084034	158.3298969072165
737	92.90336134453781	133.44834710743802
738	119.48067632850241	165.62875536480686
739	99.74185587364265	174.0489404641776
740	116.28165938864629	214.08985507246376
741	92.87094053142134	160.44890202702703
742	90.44796380090497	148.14368932038835
743	114.98515519568151	149.4958904109589
744	103.22641509433963	145.08072916666666
745	93.27314814814815	175.48134328358208
746	108.55573637103336	162.66834592779176
747	103.60215053763442	163.50524934383202
748	97.06586826347305	165.8034188034188
749	110.51741293532338	187.35978835978835
750	114.62	134.57746478873239
751	106.8898678414097	176.15254237288136
752	106.36497175141243	142.5235792019347
753	119.42788461538461	163.2871287128713
754	112.772759350741	165.95360195360195
755	99.33981481481482	152.04419889502762
756	107.9780701754386	144.82251082251082
757	107.00173913043479	177.25272727272727
758	79.47029077117573	134.5451219512195
759	81.14189944134078	162.61001317523056
760	137.84940778341794	225.48391812865498
761	112.69808306709265	181.91838897721252
762	136.39642857142857	308.0521978021978
763	95.55061349693251	194.8542857142857
764	91.0	145.63537300922044
765	99.99535423925668	154.10466321243524
766	581.295869356388	1182.9173871277617
767	93.68881685575364	151.8271028037383
768	97.0225498699046	141.76605868358445
769	101.35815991237678	153.61623246492985
770	77.65034482758621	105.41335131490223
771	78.07368421052631	100.47929606625259
772	97.86055776892431	142.7759433962264
773	169.16081871345028	289.77460317460316
774	221.80891719745222	315.46875
775	344.1186666666667	650.1816816816817
776	104.11904761904762	153.19907407407408
777	284.8984126984127	570.8874024526199
778	293.59515151515154	506.11533420707735
779	292.9797650130548	471.12134189864383
780	103.92996108949416	153.80377358490566
781	95.05981595092024	134.72013651877134
782	108.61618798955614	170.58032282859338
783	354.7253886010363	1069.4011484823625
784	359.13543599257883	1038.0604288499026
785	323.89454545454544	865.5405105438401
786	422.56944444444446	1135.2072213500785
787	450.1	1267.3494423791822
788	80.47037484885126	134.62575941676792
789	78.20797413793103	64.95444444444445
790	59.090425531914896	38.44329896907217
791	48.61194029850746	24.287250384024578
792	61.86052303860523	45.63098878695209
793	33.15212527964206	36.577181208053695
794	21.84818317570931	13.963314358001265
795	21.735459662288932	17.51390134529148
796	16.97864768683274	15.003571428571428
797	24.837979094076655	19.639024390243904
798	42.45232815964523	37.808955223880595
799	105.68944099378882	158.89093484419263
800	108.27365356622998	164.42918454935622
801	101.0754716981132	148.79979288919571
802	105.76585365853659	165.90316573556797
803	105.4304047384008	176.9972299168975
804	104.65876288659794	189.23142857142858
805	101.93838862559242	157.09045226130652
806	101.07298772169167	176.8112359550562
807	94.41901408450704	149.8859784283513
808	90.71875	183.53629032258064
809	103.40379637618636	178.6884531590414
810	98.41962264150943	149.68924640135478
811	91.39950980392157	150.61867192636424
812	97.84935897435898	168.10064935064935
813	105.61723446893788	152.15799256505576
814	113.7533039647577	192.85743801652893
815	88.90601503759399	147.2487244897959
816	96.9546726357023	159.65009322560596
817	102.12219730941705	164.80405405405406
818	103.94808126410835	149.73161033797217
819	105.87162162162163	159.43666666666667
820	100.41955193482688	176.03526970954357
821	111.1710843373494	214.26123595505618
822	111.23137254901961	226.42570281124497
823	109.64605418138987	177.1937652811736
824	121.38297872340425	175.53495762711864
825	110.34482758620689	160.45166959578208
826	114.51433691756273	185.65557729941293
827	116.14347826086957	173.88151658767774
828	125.9	180.45029239766083
829	133.67283950617283	175.17708333333334
830	119.91666666666667	159.05042016806723
831	109.7292817679558	160.682261208577
832	107.64092664092664	158.96363636363637
833	105.85526315789474	162.0109589041096
834	96.41176470588235	133.25742574257427
835	99.34850863422292	164.70545454545456
836	96.20786516853933	153.23318385650225
837	110.21962196219621	149.4568
838	99.81809872029251	159.6677768526228
839	90.97379032258064	160.1062091503268
840	415.592523364486	710.7795992714025
841	97.46859562455893	163.2188529993408
842	102.76458333333333	179.60845588235293
843	107.70948905109489	163.21186440677965
844	105.43579766536965	147.31503267973855
845	85.70063694267516	161.2
846	88.01559454191033	95.55235602094241
847	102.40037950664137	170.47381546134665
848	93.95533498759305	160.19597989949747
849	206.98306878306877	590.6359788359788
850	93.03116883116883	169.54790419161677
851	90.83713850837138	126.37974683544304
852	92.11313868613139	156.37136465324386
853	115.06992084432717	189.8482428115016
854	86.78886310904872	134.79663056558363
855	101.42572463768116	159.82213438735178
856	92.4927536231884	97.48344370860927
857	72.61138014527845	122.45704467353951
858	46.56410256410256	51.58557046979866
859	18.871794871794872	13.358620689655172
860	15.760045924225029	8.843710292249048
861	24.133928571428573	19.995
862	22.069952305246424	16.725274725274726
863	23.990453460620525	24.429359823399558
864	32.410650887573965	34.58207217694994
865	16.056953642384105	15.164296998420221
866	85.2380239520958	135.96774193548387
867	24.933333333333334	36.44505494505494
868	85.67466666666667	122.96348314606742
869	102.66963887650468	169.7690619857378
870	15.84325637910085	10.755620723362659
871	17.176704169424223	15.068268705625341
872	23.685714285714287	24.79646017699115
873	16.5141065830721	11.748344370860927
874	75.93891402714932	142.26532769556025
875	154.71380697050938	286.62872628726285
876	145.54166666666666	201.7
877	127.31026785714286	197.75469483568074
878	101.17193675889328	176.81827411167512
879	64.66523605150215	130.72222222222223
880	49.99134199134199	113.81893004115226
881	99.27470141150923	153.46153846153845
882	102.63829787234043	150.50819672131146
883	100.12941176470588	145.29779411764707
884	188.88937774984288	237.24631751227497
885	408.4109195402299	748.4507042253521
886	98.72337042925278	170.3187414500684
887	96.27430555555556	179.13702623906707
888	99.84603886397609	145.03348554033485
889	107.17735042735043	158.70600414078675
890	88.04442036836403	115.09014869888476
891	75.89451114922814	109.32514332514333
892	64.62649294245385	51.72125813449024
893	28.55832037325039	14.821153846153846
894	79.60396039603961	55.610983981693366
895	79.99253731343283	49.99145299145299
896	82.28808864265928	55.81618887015177
897	65.875	47.26851851851852
898	86.70917225950782	86.37545126353791
899	76.47677261613691	62.16279069767442
900	62.18004338394794	48.432671081677704
901	69.36796536796537	68.240625
902	88.1756373937677	144.56989247311827
903	111.42122905027934	206.07165437302424
904	271.7835820895522	640.3768115942029
905	91.88812785388127	127.18539325842697
906	39.04210526315789	72.54045307443366
907	46.72889417360285	70.26495726495726
908	41.71035598705502	60.736363636363635
909	72.63117870722434	125.05857740585775
910	0.0	0.0
911	0.0	0.0
912	99.76692708333333	143.29197994987467
913	99.8125	139.33
914	92.39446366782006	146.1371610845295
915	90.19073569482289	164.0978520286396
916	98.18	149.31944444444446
917	82.94680851063829	151.0984455958549
918	73.55626326963906	211.75521821631878
919	119.09554140127389	204.77601410934744
920	150.88454706927175	280.41267387944356
921	167.38203753351206	295.0592991913747
922	176.978354978355	269.7030625832224
923	167.3657142857143	291.34756504336224
924	147.24821002386633	294.81161137440756
925	154.0093109869646	222.52392344497608
926	143.15651558073654	299.79272959183675
927	155.807881773399	309.2678936605317
928	107.28165938864629	222.90687554395126
929	97.44058500914076	185.72419928825622
930	104.63009845288326	161.46559297218155
931	105.1701680672269	135.69078947368422
932	105.45054945054945	153.38907849829351
933	76.44766619519095	174.63762528912875
934	74.06418219461698	132.38105046343975
935	47.077709611451944	81.0313152400835
936	87.32203389830508	157.77743902439025
937	52.32507894299485	66.48375451263539
938	75.73835125448029	134.6875
939	92.52723059096176	141.44356435643564
940	79.7172619047619	115.95873015873016
941	58.33143939393939	98.35407725321889
942	56.53066332916145	104.07707129094412
943	58.516190476190474	125.25366300366301
944	65.45066273932254	134.6306224443435
945	50.46617915904936	75.34032983508246
946	68.67322751322752	110.44738555001085
947	62.90671885192433	76.88154969831693
948	60.68778280542986	73.9982332155477
949	65.85393258426966	97.68852459016394
950	112.7585062240664	177.956
951	92.46194029850746	166.2752525252525
952	103.87201034259857	187.7728285077951
953	93.19292604501608	152.59112370160528
954	103.36147038801906	154.59615384615384
955	225.54329608938548	619.7354260089686
956	85.94880546075085	170.97810218978103
957	87.79356568364611	147.10334346504558
958	93.01010101010101	142.6981450252951
959	83.56801470588235	109.16304347826087
960	42.91737288135593	27.71694214876033
961	94.59668508287292	103.375
962	64.69905213270142	117.41523118766999
963	58.88447319778189	124.8693234476367
964	234.3780718336484	583.3060921248143
965	42.805255023183925	102.75583203732504
966	79.94029850746269	144.37853107344634
967	86.02908277404921	161.36155606407323
968	56.69543147208122	129.05352798053528
969	79.64174454828661	139.896875
970	79.45398773006134	132.717019822283
971	54.122033898305084	79.16666666666667
972	27.25940337224384	70.46992054483542
973	37.4192037470726	74.70949720670392
974	38.05869872701556	78.96925441967717
975	46.91304347826087	99.48865153538051
976	55.605603448275865	99.25517890772129
977	50.275956284153004	57.195767195767196
978	73.49305555555556	123.06918238993711
979	7.433035714285714	19.57894736842105
980	10.122330097087378	8.91501976284585
981	88.09447415329768	157.18421052631578
982	169.92692828146144	303.44319775596074
983	40.75181818181818	82.05480682839173
984	44.72275641025641	78.95673876871881
985	60.07222222222222	110.28501827040195
986	21.412280701754387	11.088235294117647
987	94.17714285714285	165.61834862385322
988	92.86634460547504	126.70337477797513
989	85.96760259179266	118.39397450753187
990	54.327510917030565	83.9090909090909
991	46.375111906893466	67.21937842778793
992	71.3339552238806	127.49717514124293
993	84.93141592920354	90.25650557620818
994	83.99625935162095	52.00696378830084
995	182.22685185185185	280.6842105263158
996	59.989711934156375	88.92130518234165
997	89.61269146608315	101.8623188405797
998	74.95165394402035	88.3643216080402
999	114.10515873015873	158.78383838383837
1000	108.38245315161839	149.41234084231147
1001	72.60957178841309	127.15
1002	70.06603773584905	50.12166172106825
1003	65.23715415019763	57.583444592790386
1004	112.29980276134123	142.52904564315352
1005	90.4292343387471	109.42028985507247
1006	79.70863309352518	118.62631578947368
1007	70.7403156384505	71.62711864406779
1008	75.38425925925925	112.99601593625498
1009	48.59154929577465	59.794871794871796
1010	79.00713153724247	108.99190938511327
1011	123.3152709359606	184.2923076923077
1012	127.33400809716599	173.1419423692636
1013	104.35851183765502	159.38263229308006
1014	113.06259780907668	137.97560975609755
1015	92.25735294117646	116.56373937677054
1016	68.39056356487549	55.99850523168909
1017	101.21513353115726	95.31428571428572
1018	108.67086614173229	166.54552780016115
1019	104.06474820143885	162.7450980392157
1020	112.98550724637681	124.19218241042346
1021	106.27878103837472	173.52702702702703
1022	113.22269807280514	176.83037974683543
1023	118.1841155234657	176.58576051779934
1024	106.37526205450733	179.5820895522388
1025	83.44905008635578	134.18555240793202
1026	90.00204918032787	124.05277777777778
1027	93.989449003517	129.30146082337316
1028	191.68826291079813	419.89483568075116
1029	77.70326409495549	134.5836216839677
1030	113.76047904191617	174.2277777777778
1031	107.67299864314789	174.26948480845442
1032	106.96208530805687	166.17954545454546
1033	108.66193853427896	167.01602719766876
1034	79.3368700265252	100.72423398328691
1035	95.79381443298969	144.37450980392157
1036	102.04340567612688	171.46153846153845
1037	112.13019169329074	168.56785443517816
1038	101.03824091778203	130.3612403100775
1039	104.84887459807074	150.41220238095238
1040	101.6451127819549	160.91666666666666
1041	67.96580406654344	79.61575408261287
1042	97.4741081703107	153.29582929194956
1043	105.34383403764886	153.6155489107219
1044	97.02479338842976	170.88785046728972
1045	98.2258064516129	180.18729463307776
1046	112.01186943620178	175.87885985748218
1047	118.14901960784314	149.81578947368422
1048	110.92584269662922	177.79009433962264
1049	92.5866050808314	145.97863247863248
1050	107.70675675675676	167.7301401869159
1051	41.11842105263158	58.39522258414767
1052	37.43129770992366	47.61162079510704
1053	103.73956723338485	159.57987711213516
1054	110.76019184652279	178.76051779935275
1055	219.56282450674973	351.96039603960395
1056	91.44728434504792	158.38768529076395
1057	114.21649484536083	160.47079037800688
1058	107.68074324324324	158.56166419019317
1059	105.35280898876404	162.57304643261608
1060	107.5920245398773	179.92275862068965
1061	104.39231664726427	158.86934673366835
1062	116.44932432432432	196.73441734417344
1063	101.30381303813039	155.33120340788074
1064	113.34581497797357	183.18252427184467
1065	152.15046296296296	296.1923076923077
1066	124.37820512820512	193.1456953642384
1067	120.79166666666667	171.18354430379748
1068	104.09363831308077	163.12131147540984
1069	110.17937701396347	159.14237668161434
1070	157.88413793103447	234.396
1071	194.20071845532107	346.07806691449815
1072	103.15384615384616	151.85581395348837
1073	116.8	167.134
1074	100.15374592833876	179.43330876934414
1075	96.35620915032679	150.83274021352312
1076	111.39093484419263	179.13975155279502
1077	106.66830466830467	201.84718498659518
1078	104.89696969696969	180.95727636849134
1079	177.9433962264151	350.73066666666665
1080	109.62533692722371	161.06127450980392
1081	108.16365366317793	161.87253983130273
1082	417.7448559670782	1029.5130315500685
1083	184.1604823747681	391.83631713554985
1084	120.69155206286837	178.39254385964912
1085	100.784	115.61870503597122
1086	101.55421686746988	162.9733009708738
1087	113.66749174917491	167.47738343771746
1088	109.93536585365854	184.08857142857144
1089	115.42708333333333	160.9101941747573
1090	106.29268292682927	203.24507874015748
1091	129.73160173160173	176.23798627002287
1092	335.54395604395603	929.4745762711865
1093	110.27128427128427	160.78677685950413
1094	126.77131782945736	191.38125
1095	108.94489465153971	150.20575539568344
1096	105.28152492668622	175.0818858560794
1097	60.12340425531915	47.55251141552512
1098	102.59389312977099	179.53333333333333
1099	111.80511811023622	160.78886756238003
1100	103.92917742530432	179.2798690671031
1101	99.80995475113122	226.5505617977528
1102	106.2626811594203	189.23076923076923
1103	43.37007874015748	72.5589414595028
1104	106.00798722044729	173.49689440993788
1105	88.44861878453038	168.32032032032032
1106	82.91768292682927	150.2872340425532
1107	86.38282387190684	162.2036775106082
1108	84.6994750656168	171.94775036284472
1109	93.55721393034825	182.6621338912134
1110	96.22271714922049	167.6622114216282
1111	89.12692847124825	149.4594249201278
1112	90.04625735912532	175.43285939968405
1113	111.29539040451552	177.90804597701148
1114	97.55087719298245	178.49166666666667
1115	112.73708068902992	172.7402361489555
1116	122.53596287703016	172.79282868525897
1117	99.73498233215548	154.75079872204472
1118	105.14747039827772	138.0888429752066
1119	101.93450881612091	79.12753623188406
1120	88.85065502183406	60.767736486486484
1121	99.36170212765957	124.41705426356589
1122	110.84737945492662	181.69406819243343
1123	87.48333333333333	67.76590909090909
1124	101.86245353159852	152.92944785276075
1125	123.0894538606403	164.8054110301769
1126	111.7035358114234	189.4841745081266
1127	131.9659090909091	171.77265238879735
1128	123.42897727272727	166.92058346839545
1129	119.63019693654267	175.02932098765433
1130	116.1923076923077	177.50714663843303
1131	110.07172413793103	155.25314465408806
1132	100.99146029035013	158.120197044335
1133	212.0545634920635	273.7916181606519
1134	142.75874769797423	185.26553672316385
1135	109.62317327766179	163.16221985058698
1136	92.08754208754209	166.83255813953488
1137	64.9781121751026	46.65158371040724
1138	73.88066825775657	51.95223880597015
1139	86.69976905311778	84.7241134751773
1140	110.2022988505747	132.24885844748857
1141	98.51041666666667	138.4772209567198
1142	97.89373814041745	105.61936936936937
1143	87.92433795712485	143.62187088274044
1144	116.01957295373666	178.5631067961165
1145	112.94159292035398	144.72881355932202
1146	196.70705244122965	372.90162368672395
1147	109.10604651162791	171.44279559597894
1148	252.6429215509468	690.0071620411817
1149	107.94830508474577	171.81860036832413
1150	107.55813953488372	170.66125290023203
1151	148.00754716981132	196.60454545454544
1152	138.04371584699453	193.4536082474227
1153	244.1473354231975	434.549815498155
1154	119.76247288503254	207.34939759036143
1155	107.36143039591316	189.09181141439205
1156	122.0261780104712	172.10088148873652
1157	136.0723404255319	197.63930348258705
1158	106.21991701244814	193.94837476099426
1159	128.15776699029126	186.53016688061618
1160	100.20068027210884	123.3644859813084
1161	904.5731166912851	1830.2150735294117
1162	114.10930383864671	157.58742632612967
1163	93.57931034482759	157.8166089965398
1164	104.2029288702929	158.21100164203614
1165	114.12466124661246	182.85490753911807
1166	115.56773526370218	209.36100131752306
1167	109.68575063613231	150.87175792507205
1168	102.6655737704918	154.11041009463722
1169	133.18760330578513	186.48760330578511
1170	111.42919708029197	174.2281776416539
1171	113.08896982310094	174.7299185098952
1172	107.81328320802005	106.90278677900194
1173	66.64940828402366	58.238658777120314
1174	24.425757575757576	12.612687813021703
1175	26.70443925233645	24.24081115335868
1176	20.929765886287626	27.326283987915406
1177	31.375221238938053	20.89873417721519
1178	92.8283950617284	101.23212321232123
1179	79.22738693467336	84.78774928774929
1180	100.46440129449839	128.43474347434744
1181	87.73824786324786	131.19037871033777
1182	111.51408450704226	148.32016210739616
1183	112.51553316540722	159.1093044263776
1184	127.55912743972445	160.78921078921078
1185	94.78628708901363	132.1633752244165
1186	120.93194842406876	170.78300455235205
1187	111.68720379146919	169.56273764258555
1188	122.625	195.2153846153846
1189	130.51549053356283	192.71597096188748
1190	179.22008547008548	409.8183760683761
1191	93.62521008403361	193.37430167597765
1192	115.4590909090909	177.90848585690514
1193	109.37393162393163	178.25551470588235
1194	104.26775956284153	173.55421686746988
1195	160.74587660354305	322.3666237113402
1196	137.80321872713972	186.84167893961708
1197	157.31236442516268	263.28138528138527
1198	119.40733197556008	197.65004887585533
1199	127.82966796032773	212.93867502238137
1200	24.946601941747574	33.12558139534884
1201	107.9186295503212	168.9108527131783
1202	128.25112107623318	180.42797783933517
1203	128.34436090225563	184.60554089709763
1204	62.3342981186686	69.03237858032378
1205	32.03907815631263	34.99132111861138
1206	37.00235849056604	32.38957816377171
1207	31.481176470588235	37.44303797468354
1208	29.678453038674032	26.89945945945946
1209	113.57605985037407	186.7222898903776
1210	112.95859473023839	139.34392523364485
1211	108.12343470483006	119.93303571428571
1212	117.57664233576642	158.47826086956522
1213	108.29533282325937	155.16031128404668
1214	118.52738336713996	191.45238095238096
1215	126.88888888888889	194.30357142857142
1216	130.26302083333334	206.38127853881278
1217	133.4964539007092	189.44281045751634
1218	125.16788321167883	175.79705400981996
1219	122.67379679144385	179.92888888888888
1220	129.0953237410072	173.91352201257862
1221	123.11937172774869	179.56215621562157
1222	125.84726688102894	198.98160535117057
1223	127.17564402810305	216.00993377483445
1224	123.4274061990212	197.56711409395973
1225	126.77395577395578	202.5670731707317
1226	133.21979166666668	213.1685288640596
1227	115.05776173285199	151.69594594594594
1228	125.94775339602926	179.99778761061947
1229	117.8144578313253	188.7621247113164
1230	119.51918735891648	202.6435185185185
1231	127.19041450777202	177.4711111111111
1232	129.78983833718246	190.84682080924856
1233	135.19106463878327	193.13552188552188
1234	129.9924623115578	198.1259541984733
1235	122.31854545454546	200.48626716604244
1236	111.29606299212598	170.8586956521739
1237	128.57495590828924	164.2577319587629
1238	155.30195177956372	230.55905511811022
1239	123.01921229586935	204.8316151202749
1240	140.88220230473752	203.1882530120482
1241	145.7041564792176	224.31521739130434
1242	133.87396694214877	213.81194690265488
1243	123.57829099307159	190.39329021827
1244	168.29347826086956	314.84057971014494
1245	137.75339366515837	220.3425287356322
1246	245.9112426035503	415.15432098765433
1247	125.48318584070796	224.67409948542024
1248	135.90963855421685	241.00200803212851
1249	129.64595375722544	188.53727714748786
1250	135.80831099195711	183.29062087186261
1251	130.576112412178	225.55047821466525
1252	125.58007117437722	209.07361963190183
1253	135.30732292917168	174.20737913486005
1254	124.8380062305296	204.54941551540915
1255	125.68720379146919	177.6825
1256	120.76388888888889	158.88399071925755
1257	123.28898305084746	185.30085073472546
1258	113.43255813953489	175.15837104072398
1259	119.51419031719533	202.36694214876033
1260	114.62658227848101	174.08988764044943
1261	136.13953488372093	202.58928571428572
1262	116.31094890510948	163.28532974427995
1263	127.06053067993366	183.42737195633921
1264	129.3671766342142	185.3631067961165
1265	131.8920634920635	197.70731707317074
1266	429.420581655481	607.183066361556
1267	24.27777777777778	29.965811965811966
1268	33.5974025974026	25.599388379204893
1269	39.78260869565217	37.06406685236769
1270	52.01765536723164	72.15638148667601
1271	108.37170596393898	156.6976
1272	99.96044499381954	163.82360248447205
1273	59.07446808510638	103.38576779026218
1274	25.431880108991827	26.467811158798284
1275	28.898199875853507	23.206410256410255
1276	30.100946372239747	29.191623036649215
1277	36.80392156862745	24.60625
1278	34.521394611727416	36.336185819070906
1279	44.62234042553192	49.08441558441559
1280	49.029126213592235	34.09847036328872
1281	41.68663594470046	32.254901960784316
1282	41.04775280898876	34.06694129763131
1283	30.93846153846154	27.19191919191919
1284	40.34507042253521	36.719565217391306
1285	51.0367717287488	43.72971675468075
1286	83.95430809399478	142.61411245865492
1287	104.22050561797752	175.9269340974212
1288	492.31205673758865	969.9587628865979
1289	259.1783166904422	392.2857142857143
1290	4.11986301369863	31.9098164405427
1291	1.7518337408312958	12.711428571428572
1292	1.28099173553719	10.85593220338983
1293	0.0	2.1992337164750957
1294	29.946991404011463	12.080756013745704
1295	138.43830431491295	188.86319218241042
1296	110.67984934086628	155.14770459081836
1297	128.54260869565218	189.1532385466035
1298	103.90163934426229	108.4059040590406
1299	99.8436944937833	124.69014084507042
1300	139.9362267493357	190.39818631492167
1301	142.01577287066246	214.1769230769231
1302	134.68592057761734	204.14716981132077
1303	134.78279118572928	203.84133611691024
1304	138.05757575757576	194.75290390707497
1305	128.5858064516129	171.75451263537906
1306	91.29689298043728	65.08427672955975
1307	85.31746031746032	48.06666666666667
1308	125.87729697688204	189.24764019988896
1309	219.82288828337875	562.9705882352941
1310	37.465587044534416	25.058823529411764
1311	120.86551392891451	167.05882352941177
1312	37.282758620689656	79.3854748603352
1313	24.345758354755784	12.197492163009404
1314	13.88671875	11.215189873417721
1315	70.97412199630314	111.78197064989517
1316	83.34547908232119	60.45327754532776
1317	105.45405405405405	174.51818181818183
1318	117.75114503816793	182.48788368336025
1319	125.98970398970398	176.62793733681463
1320	121.07667844522969	179.89309974973185
1321	101.69921875	86.95359628770302
1322	86.0	48.08
1323	111.40699523052464	163.35785288270378
1324	127.78401360544218	183.87481146304677
1325	120.93712212817412	195.9449423815621
1326	127.98730964467005	161.64917127071823
1327	138.98487903225808	192.02575488454707
1328	138.2763262074426	199.61883067577827
1329	146.27955271565494	210.40435458786936
1330	136.4406779661017	207.2258469259724
1331	120.39147286821705	183.61490683229815
1332	120.2931506849315	172.5341463414634
1333	136.2552380952381	223.91370106761565
1334	128.4513368983957	197.77633136094676
1335	137.74242424242425	201.58625525946704
1336	127.37938144329897	212.64765784114053
1337	137.74671052631578	312.6
1338	129.8180677540778	178.6725468577729
1339	148.60093530787216	222.32396449704143
1340	139.77223607647548	214.7643932683791
1341	129.6424914675768	199.57378400659522
1342	137.91825095057035	192.37170596393898
1343	135.6281094527363	215.3938223938224
1344	140.32934782608694	230.7859424920128
1345	142.25024154589372	216.83243967828417
1346	143.10065645514223	217.5697445972495
1347	138.70982839313572	223.27388535031847
1348	148.8231292517007	249.62025316455697
1349	279.3058823529412	618.2509803921569
1350	125.36628643852978	207.79349186483103
1351	138.87053140096617	201.5920792079208
1352	130.2882797731569	202.5998322147651
1353	128.23689727463312	211.91814159292036
1354	131.83870967741936	228.5658362989324
1355	136.25842696629215	207.35873605947955
1356	138.6178861788618	239.34633027522935
1357	132.62776025236593	212.01807228915663
1358	187.6788491446345	339.61218195836545
1359	127.87096774193549	235.09253246753246
1360	164.45114503816794	287.21456235476376
1361	153.17972350230414	252.675
1362	121.03658536585365	204.45497630331752
1363	126.88732394366197	208.12
1364	140.65670289855072	219.8661174047374
1365	128.294687863513	215.01522198731502
1366	117.46251588310038	202.36300417246176
1367	123.54107338444688	214.87270765911543
1368	115.48575305291723	211.01330108827085
1369	39.95923913043478	99.92777777777778
1370	37.18386816999133	92.40445126630851
1371	49.651731160896134	111.29326923076923
1372	37.13721618953603	89.86
1373	39.759433962264154	81.94149908592321
1374	37.45723684210526	72.26557632398755
1375	35.54754098360656	101.48625429553265
1376	160.98106712564544	330.6183310533516
1377	152.15539568345324	235.86273006134968
1378	136.3949843260188	194.02702702702703
1379	146.4359756097561	207.1510989010989
1380	124.57228915662651	215.74140127388534
1381	129.56020408163266	210.14980916030535
1382	131.16971713810315	218.29057187017003
1383	124.28390113560454	197.70286576168928
1384	120.44774273345702	192.95969289827255
1385	142.40252182347237	226.77422577422578
1386	133.67543859649123	209.1573275862069
1387	132.89395441030723	228.6464799394398
1388	132.138	210.38443935926773
1389	128.75435203094779	205.84337349397592
1390	175.6122448979592	270.056338028169
1391	136.8368794326241	222.4609195402299
1392	121.86395759717314	205.13243243243244
1393	140.35637663885578	230.7906976744186
1394	130.5752895752896	226.43737166324436
1395	132.16239316239316	219.84257602862255
1396	138.22995461422087	194.85569985569987
1397	124.98265895953757	182.4451219512195
1398	127.22776911076443	202.64905037159372
1399	112.92863070539418	193.05662188099808
1400	108.01167315175097	198.81896551724137
1401	400.42438563327033	602.9303097345132
1402	144.78571428571428	201.56238003838772
1403	120.98696088264795	169.07191448007774
1404	360.7961290322581	1131.3240534521158
1405	349.2693089430894	1058.96432111001
1406	409.40137931034485	1278.1401028277635
1407	359.71447028423773	1177.6412037037037
1408	641.9311594202899	1689.1696
1409	75.56178608515057	65.66129032258064
1410	79.78606001936109	70.49367088607595
1411	68.69114688128772	68.17050691244239
1412	129.52320675105486	164.21285714285713
1413	129.54814814814816	183.91499085923218
1414	145.54410616705698	201.34077079107504
1415	145.9809885931559	204.42411812961444
1416	138.54563297350344	217.77486910994764
1417	145.95446096654274	210.5923913043478
1418	120.61627906976744	192.32766990291262
1419	119.35034013605443	168.58771929824562
1420	123.59108527131782	177.10679611650485
1421	137.55931198102016	185.67519181585678
1422	131.01863354037266	199.88888888888889
1423	157.45876288659792	240.32682926829267
1424	134.9885433715221	177.36624775583482
1425	232.48598130841123	384.1588785046729
1426	146.02056074766355	201.87145557655955
1427	143.7774480712166	203.63138686131387
1428	146.33245729303547	217.8693009118541
1429	147.02328159645234	191.9258823529412
1430	144.49166666666667	213.05739514348787
1431	112.63351351351352	212.98426573426573
1432	112.0812619502868	183.59814049586777
1433	82.01779359430606	137.63706563706563
1434	123.41322314049587	181.33901515151516
1435	135.71916010498688	198.6561403508772
1436	160.42074074074074	252.24394057857702
1437	125.59578207381371	209.8108581436077
1438	124.84064171122995	197.48629441624365
1439	105.35199004975124	141.95979899497488
1440	115.72137404580153	168.52985074626866
1441	99.28048780487805	158.1629213483146
1442	131.1758389261745	185.8842105263158
1443	127.6842105263158	181.5287356321839
1444	136.1055900621118	200.1574212893553
1445	149.84337349397592	232.88336192109776
1446	139.13189448441247	224.77915632754343
1447	133.95376344086023	215.10240334378264
1448	131.01452784503633	199.0551181102362
1449	137.22433192686358	219.10349206349207
1450	136.6908023483366	241.54794520547946
1451	330.18390804597703	844.9770114942529
1452	621.9853235490327	1528.8586156111928
1453	134.55244755244755	238.8936877076412
1454	101.36605657237936	184.01379310344828
1455	128.87207488299532	198.018779342723
1456	144.42131979695432	212.0007610350076
1457	121.66295264623956	140.39086294416245
1458	107.62264150943396	185.16017316017317
1459	1348.94	2799.008076009501
1460	1315.4502801120448	2839.5203996669443
